4294967278,6
4294967278,5
4294967278,4
4294967279,132
4294967279,131
4294967279,130
4294967279,129
4294967279,128
4294967279,127
4294967279,126
4294967279,125
4294967279,124
4294967279,123
4294967279,122
4294967279,121
4294967294,394
4294967294,12
4294967294,104
4294967294,106
4294967294,166
4294967294,24
4294967294,160
4294967294,116
4294967294,168
4294967294,162
4294967294,1022
4294967294,470
4294967294,1152
4294967294,424
4294967294,1019
4294967294,985
4294967294,415
4294967294,1
4294967294,473
4294967294,1020
4294967294,126
4294967294,18
4294967294,1035
4294967294,82
4294967278,25
4294967278,24
4294967278,23
4294967278,22
4294967278,21
4294967278,20
4294967278,19
4294967278,18
4294967278,17
4294967278,16
4294967278,15
4294967278,14
4294967278,13
4294967278,12
4294967278,11
4294967278,10
4294967278,8
4294967278,7
4294967279,88
4294967279,318
4294967278,9
47,0
47,7
47,5
47,12
4294967279,145
4294967279,294
4294967279,317
4294967279,136
4294967279,156
55,4
4294967278,306
75,5
75,4
75,3
75,2
75,1
4294967278,305
4294967278,304
4294967294,478
51,4
4294967294,1160
50,4
4294967278,258
4294967278,40
4294967278,39
4294967278,38
4294967278,37
4294967278,36
4294967278,35
4294967278,34
4294967278,33
4294967278,32
4294967278,31
4294967278,30
4294967278,29
4294967278,28
4294967278,27
4294967278,26
4294967278,303
4294967279,316
4294967279,315
4294967278,302
4294967279,314
4294967279,313
4294967278,301
4294967278,132
4294967278,131
4294967278,130
4294967278,129
4294967278,128
4294967278,127
4294967278,126
4294967278,125
4294967278,124
4294967278,123
4294967278,122
4294967278,121
4294967278,120
4294967278,119
4294967278,118
4294967278,117
4294967278,116
4294967278,115
4294967278,114
4294967278,113
4294967278,112
4294967278,111
4294967278,110
4294967279,33
4294967279,32
4294967279,30
4294967279,28
4294967279,27
4294967279,25
4294967279,24
4294967279,23
4294967279,22
4294967279,20
4294967279,17
4294967279,14
4294967279,11
4294967279,10
22,6
38,6
4294967294,17
4294967294,67
4294967294,99
4294967294,76
4294967294,41
4294967294,52
4294967294,25
4294967294,1161
4294967294,26
4294967294,0
4294967294,5
4294967278,300
4294967294,1158
4294967294,43
4294967294,53
4294967294,1154
4294967294,476
4294967294,84
4294967279,312
4294967278,299
4294967294,42
74,5
4294967278,204
74,4
74,3
74,2
74,1
4294967278,203
4294967294,96
4294967294,94
4294967278,277
4294967279,311
4294967294,9
4294967278,202
4294967294,8
37,4
4294967294,93
4294967294,95
35,5
33,4
4294967294,81
4294967294,1038
4294967294,1023
4294967294,83
4294967294,68
4294967294,11
4294967278,298
4294967279,310
47,2
47,11
47,10
47,9
4294967278,191
0,7
47,8
4294967279,309
4294967278,297
47,1
4294967279,308
47,6
47,4
35,4
36,4
25,4
46,4
4294967278,296
4294967278,0
4294967279,307
43,6
43,2
28,4
40,4
32,4
23,4
27,4
22,5
21,4
4294967278,295
45,4
42,4
41,4
4294967278,294
4294967278,260
43,1
43,4
43,5
44,5
4294967279,306
4294967279,260
4294967279,0
22,4
4294967294,1157
4294967278,109
4294967278,108
4294967278,107
4294967278,106
4294967278,105
4294967278,104
4294967278,103
4294967278,102
4294967278,101
4294967278,100
4294967278,99
4294967278,98
4294967278,97
4294967278,96
4294967278,95
4294967278,94
4294967278,93
4294967278,92
4294967278,91
